101000001110000101100001101001100010011011100111011001111010101000101010111010110110101110101100001101
101000001110000101100001101001100010011011100111011001111010101000101010111010110110101110101100001101
101000001110000101100001101001100010011011100111011001111010101000101010111010110110101110101100001101
101000001110000101100001101001100010011011100111011001111010101000101010111010110110101110101100001101
101000001110000101100001101001100010011011100111011001111010101000101010111010110110101110101100001101
101000001110000101100001101001100010011011100111011001111010101000101010111010110110101110101100001101
101000001110000101100001101001100010011011100111011001111010101000101010111010110110101110101100001101
101000001110000101100001101001100010011011100111011001111010101000101010111010110110101110101100001101
101000001110000101100001101001100010011011100111011001111010101000101010111010110110101110101100001101
101000001110000101100001101001100010011011100111011001111010101000101010111010110110101110101100001101
101000001110000101100001101001100010011011100111011001111010101000101010111010110110101110101100001101
101000001110000101100001101001100010011011100111011001111010101000101010111010110110101110101100001101
101000001110000101100001101001100010011011100111011001111010101000101010111010110110101110101100001101
101000001110000101100001101001100010011011100111011001111010101000101010111010110110101110101100001101
101000001110000101100001101001100010011011100111011001111010101000101010111010110110101110101100001101
101000001110000101100001101001100010011011100111011001111010101000101010111010110110101110101100001101
101000001110000101100001101001100010011011100111011001111010101000101010111010110110101110101100001101
101000001110000101100001101001100010011011100111011001111010101000101010111010110110101110101100001101
101000001110000101100001101001100010011011100111011001111010101000101010111010110110101110101100001101
101000001110000101100001101001100010011011100111011001111010101000101010111010110110101110101100001101
